0
0
2
7
8
10
17
23
25
31
33
36
42
47
54
57
59
70
67
80
94
99
115
101
104
130
125
150
127
165
153
167
192
175
172
207
212
214
261
239
257
247
238
245
264
258
263
251
305
286
290
301
323
324
341
393
412
367
382
351
403
418
386
435
450
440
393
458
424
466
451
427
554
675
462
503
569
534
615
531
554
755
616
556
608
613
620
662
620
591
640
698
660
697
702
681
656
654
722
726
748
775
830
779
780
820
843
819
825
925
953
898
834
877
901
831
860
1051
1011
1099
1081
1062
920
1137
1040
913
958
1060
944
1072
1107
1178
1139
1139
1001
1185
1154
1139
1101
1155
1118
1204
1216
1111
1129
1255
1213
1257
1397
1274
1224
1264
1181
1150
1239
1477
1302
1185
1263
1402
1732
1304
1261
1485
1442
1326
1433
1369
1399
1412
1458
1354
1540
1567
1600
1588
1629
1887
1376
1592
1540
1450
1595
1599
1578
1704
1609
1567
1698
1517
1568
1786
1719
1518
1657
1831
1776
2300
1748
1797
2112
1872
1703
2170
1812
1882
1883
1789
1867
1873
1969
1965
1752
1992
2058
1969
1861
1851
2057
1933
1964
1923
2362
1895
1904
2124
2022
2120
2075
2227
2227
2259
2299
2360
2363
2159
2157
2306
2237
2184
2113
2179
2117
2210
2394
2296
2242
2128
2485
2214
2264
2227
2288
2261
2469
2540
2437
2406
2798
2553
2264
2575
2446
2338
2362
2387
2723
2393
2612
2492
2405
2825
2561
2616
2372
2569
2580
2807
2871
2572
2544
2745
2558
2503
3086
2699
3170
2537
2727
2604
2682
2956
2737
2892
2940
2716
3090
2876
2809
2962
3071
2813
3292
2828
2981
2908
3505
3100
2971
3481
3276
2833
2977
2948
2908
3029
3143
3084
3149
3427
3698
2991
3166
2977
3152
3274
3426
3183
3033
3042
3667
3329
3059
3487
3096
3421
3510
3290
3267
3613
3660
3250
3295
3692
3458
4016
3560
3369
3571
3469
3420
3527
4280
3269
3799
3593
3804
4022
3714
3470
3926
3788
3606
3483
3697
3482
3443
3615
3468
3844
3729
3642
3920
3852
3676
3650
3684
3944
3853
3936
4084
3686
3674
3916
4231
3815
3640
4205
3670
3949
3899
3764
3855
4067
4460
4568
3940
4077
4501
3712
4265
4261
3992
4202
4401
4366
4220
4045
4411
4426
4496
4078
4068
4290
4086
4136
4211
4599
4665
4676
4309
4438
4764
4714
4938
4306
4486
4799
4300
4083
4305
4815
4567
4714
4618
4076
5207
5818
4562
4888
5173
4803
4981
4650
4410
4776
5155
4272
5097
4907
4859
4737
5140
4500
4610
4821
4489
4706
4748
4615
4644
4590
4852
4736
5068
4951
4878
4828
4925
4756
5138
5181
4748
4767
5359
4921
5624
5213
5565
5459
4681
4987
5067
5211
4885
5369
4736
5400
5703
5244
5102
5578
5449
5474
5365
5124
5641
5670
5408
5395
6035
5054
4969
5578
5260
5482
5652
5949
5748
5643
5731
4969
5064
5905
5022
6482
5229
5730
5089
5668
5469
5392
5548
6052
5455
5681
6260
5484
6631
5606
5894
5720
6124
5283
5769
5516
5664
5946
6009
5795
6123
5575
5818
5692
5991
5963
5831
5671
6601
5423
6297
5713
6292
6034
6582
5702
6493
6507
5767
6364
5802
6350
5913
6010
6851
6203
6223
5875
5829
6135
7010
6408
6376
6481
6618
6788
6393
5915
6425
6485
6256
6166
6696
6461
6585
6421
6436
6331
6098
6320
6215
5927
5858
6818
7015
7690
6546
6056
6233
6694
6700
6782
6984
6616
6162
6497
6288
6772
6634
6314
7133
6533
7105
7081
6422
7643
6592
6467
6611
6826
6745
6891
6676
6860
6864
7025
6611
7302
6979
6746
6640
7100
7026
7156
7280
6654
7112
7144
7159
6936
7091
7549
7216
7687
7603
6777
7727
6914
7474
8571
6705
7780
7355
6885
7909
7174
7681
6840
7911
7031
6875
7200
7673
7273
7017
7878
7554
7984
7607
7727
7616
7348
7409
6936
7823
7851
8715
7419
8580
8169
7933
9069
7211
7995
7902
7073
7474
7303
7530
8749
8960
7975
8924
7637
7733
7494
8570
7562
7936
8200
7593
8192
8044
8762
8518
8312
8414
8656
7591
7836
8079
7421
8073
7977
7686
8038
8019
9030
8479
7867
8197
8529
7886
8037
8011
8618
9200
8512
8047
8115
8228
8787
8313
8555
7829
8066
8393
7735
8563
9751
8521
8239
8429
8224
9017
9436
8600
8851
8572
8936
8252
8580
8026
10827
9046
8220
8911
8347
9342
9575
9258
8374
8458
9028
8162
9211
9079
8814
9481
8345
9072
8755
9026
8746
9034
8451
8278
8587
8752
9355
8729
8688
10088
9065
8541
8416
8908
10224
9091
8721
9102
8999
9766
9443
8941
9675
8758
9796
9427
8797
9173
9336
9401
9786
9268
10328
8828
9967
9912
9582
9301
10434
9782
9844
9999
10249
9426
9891
10171
10346
10396
8941
9362
10174
10245
9503
9738
9274
10342
8970
9443
11267
10817
9353
10034
10499
10238
10757
9865
9876
10412
10288
10213
9538
9591
9636
9925
9079
10232
10692
10346
9875
10029
9741
9873
10087
10085
9673
12205
10585
10027
10395
11532
11199
10246
11100
9781
10152
11033
9798
9770
9934
9947
12208
10140
10311
10012
10351
10632
10573
10921
11145
11960
12533
9846
10715
10665
9860
10614
10507
10488
10535
12698
10066
10579
11003
11157
11349
11505
11154
11570
12096
10305
10480
10601
10978
11267
10432
10211
10877
10564
10879
10380
10232
10991
10547
12358
11026
10524
11338
10379
11088
11787
10824
11219
9847
11028
12663
10665
10911
11153
11953
11173
11171
11480
11337
10611
11035
10990
11270
11000
10716
11901
11495
10403
10258
11604
11377
10755
11672
11582
11836
10961
11470
12120
14139
11308
11892
11026
11633
12054
10866
11551
10817
12719
11016
11133
11889
11113
11260
11305
12755
11641
11026
11643
11794
12069
11451
11496
12218
11810
11160
12333
11185
12411
12092
12278
12034
11744
12491
12588
12514
11551
13795
11555
11883
12070
11966
11641
11713
11332
13052
12193
12054
11808
11695
11738
11822
12033
11648
11986
12425
12438
12961
12226
11444
11984
12841
12323
13530
11810
13114
11702
12741
12604
12883
13353
12836
12510
12552
12424
12370
12811
11812
12627
12308
12160
11695
12852
15120
12606
14163
12630
13130
12110
11913
12563
12735
13022
12787
12780
12346
13754
13978
14086
13012
12865
12286
13104
12926
12338
12389
13147
13314
12695
11946
13396
13074
13266
12585
12858
13235
13371
14501
13379
12549
12767
12514
13264
12260
12889
13342
14005
12717
12042
13250
13645
13180
13592
14328
14792
14050
13372
13715
13112
13596
14045
13630
14223
14219
16305
13903
13201
12813
13075
13340
13258
12612
14092
13626
13425
15054
13362
14347
13216
14049
13975
15186
13132
13186
14122
13947
13886
13943
13236
14193
14043
14871
14789
13538
14145
15687
14850
13985
13813
13820
13968
13827
14620
13058
13886
14122
14425
14043
13977
14240
13711
13314
13445
14896
14892
14291
13677
14275
15017
15855
14277
14936
13241
14589
14116
15166
13753
14176
14003
14872
15066
13976
15487
13618
13496
15168
14582
16021
14273
15922
15268
14331
14400
13808
14368
13801
14678
14467
14056
14408
15950
14785
14441
14731
15609
16087
15563
14893
14179
15421
15615
14973
15669
14935
14674
15075
15031
16206
14195
16260
16297
14397
14803
15077
15270
15036
15024
15275
16164
14549
16334
14052
14323
14284
14652
15044
16146
15710
15052
14631
15875
14512
14391
14346
15201
14816
15181
15428
15837
16517
15909
16298
14921
15746
15302
15195
15195
16321
14671
16308
16442
15527
16072
16091
17539
14308
15966
15637
16560
14699
16152
15687
15227
14881
15562
19146
15737
14971
16418
15215
15161
14587
15134
17316
16884
15738
16898
15625
16528
15222
16622
16725
16327
15067
16911
15549
17084
17318
15965
14908
16741
16863
15110
16256
16405
15540
17365
17943
16568
18637
16051
15584
15901
16173
15830
18114
16816
16994
17740
16554
16598
16706
15676
16554
16570
16408
15495
17937
16689
16795
17026
16912
17079
16115
18006
16595
17687
16054
17342
15726
17716
18227
16579
16611
16233
18000
16922
16204
17166
17815
16787
17104
18081
17593
17920
18835
16212
17980
16287
17057
18223
15791
17387
18946
19452
18276
17655
18334
16454
17772
16339
16706
16604
16992
16941
19915
17491
17210
17737
16838
18739
17766
15987
16993
20009
16758
17740
19645
17747
16352
17038
17635
17684
17504
17753
18573
17292
16758
18689
19672
17157
17039
16856
18281
18224
18563
17180
17696
20006
17528
17000
17673
17720
18062
19162
19318
19952
17088
17323
17862
17593
17834
16879
18567
17493
18506
18278
18715
17964
18158
20046
17666
17553
17191
17060
17438
19028
19509
18958
19816
18178
17719
18096
17442
18011
17451
17962
18100
17937
18610
17646
17627
19466
17953
18356
19517
18519
19333
17799
19072
18248
18243
17576
18750
18522
20913
17025
18945
20028
20105
19361
18402
18156
19180
18458
19955
22674
18622
18289
18230
19135
19798
20035
18618
21814
17781
17374
21148
19870
17588
20496
17939
19811
18180
19495
18324
20346
19554
18582
18547
18629
21522
18647
19558
20795
19463
22518
19172
18992
20029
19984
20972
20199
20284
19670
20559
20403
19410
19237
18131
18549
19313
20346
22399
19161
21433
18643
19223
18286
18651
19453
17896
19858
22223
19779
18694
20154
19129
19251
19621
21171
18841
18940
21078
18602
19387
18335
19270
19031
23609
19246
20284
18899
19811
20429
18607
20352
21134
21436
20614
18553
20787
20073
19174
19586
18916
21855
20933
18685
20249
20591
19604
21782
21365
20369
20062
20057
20362
21451
19245
20488
19270
20684
19647
19270
18899
20241
20650
18896
20106
21581
20061
20255
19837
20636
23525
21488
21440
19633
20136
20136
21021
22175
24328
21165
21284
19743
19449
20987
20188
20419
20477
20098
19919
20679
20165
20156
20027
20245
20839
21007
20859
21686
20092
20479
20884
19863
19575
21833
20206
21710
21716
21627
23141
22770
21725
22709
21626
21518
20947
20990
20479
21164
21529
19754
24060
20779
21253
20981
22756
20337
20940
21399
20446
23050
20999
23206
19676
20315
22334
20235
22841
20335
20511
22407
20032
21005
21828
22226
22408
21499
21632
20321
20475
21742
22228
23221
23015
22112
20286
20284
24403
22060
23930
24651
23748
22241
21960
22428
22444
22516
22265
21348
22072
21079
21367
21161
20794
24066
21482
22182
24367
22003
23248
23608
22376
21762
24988
22051
24343
22439
26018
23914
22326
22200
22414
22275
21002
22200
22322
23253
22945
21419
22612
22106
23334
22188
22141
23020
22350
22937
23187
23985
25261
22645
20961
23749
22497
24692
22481
23512
22681
21808
23056
21910
25586
23276
21161
23428
24345
23264
21662
21454
21369
23175
23120
22656
22274
21726
22201
23048
23278
21479
23870
22595
23405
23270
23756
22111
23255
22147
24702
22170
24124
22271
22742
23319
24196
23731
24269
24424
23088
23564
24596
22545
21382
24633
24832
23857
24014
22843
23389
23249
23147
23983
24106
23621
22849
23068
22213
24618
24225
23262
24899
23216
23421
23543
23905
22565
24604
23360
24279
24646
23333
22437
23106
23726
23162
24800
23603
25685
24032
22733
24564
22261
23676
22100
24599
23419
24316
24431
25648
23138
22296
23447
22724
24024
26029
23637
22766
24089
23114
23129
22978
23328
22748
23421
22944
23939
23713
24089
23073
24372
24163
23588
25786
24448
26243
25781
25741
23531
24488
26090
25997
24782
24783
25072
23980
25417
23558
23179
23617
24818
25331
24069
23747
23818
24973
23966
28817
25498
23000
25796
25635
23571
24730
27233
27629
26131
24761
24179
26603
24893
24834
24085
23765
25179
24910
27119
25737
25836
24210
23377
25416
23548
25755
27802
25735
24694
27961
25317
25099
26735
27483
24954
26742
24697
24742
25820
24348
27850
23986
25465
25961
25082
26975
25933
24115
26076
27868
25461
25057
24582
25031
24956
25643
24683
25516
25857
26181
24706
26438
25674
29226
24541
26835
25210
26705
25698
27880
25247
25134
26559
24976
28514
25773
24818
24376
24127
27004
24985
26601
26558
25745
24756
25346
26762
25486
26297
26588
26079
25318
27135
25344
26774
26104
25605
26594
26091
27448
26628
25951
27006
26772
27281
26025
25120
27144
25057
26113
24427
26976
28389
26296
26261
29317
24884
25103
30112
26295
25914
26314
25926
25627
26142
26427
27316
27359
25610
25199
26135
27930
26113
26427
26529
26388
27476
26266
26571
27479
27620
29529
27615
26918
30001
29218
26789
25464
27056
24930
29793
31187
28104
29178
26594
26582
27966
26818
27402
27679
28177
26493
27942
30701
28445
26443
25601
27489
26490
26697
27183
27678
27092
29558
26418
25989
28262
26422
30312
28080
27639
27241
29897
26955
26371
29272
27168
28320
27442
30607
28314
29928
27517
25975
28294
28968
27480
29315
29130
28604
27769
31488
27599
28261
27778
31943
27682
26154
26998
32989
29663
27534
30149
27952
27391
26173
29676
26642
29820
31786
27143
27778
31259
28907
28291
28033
27239
28868
27789
28643
31371
27701
28951
28901
28968
28082
28283
29528
28440
27257
28043
29470
29700
26800
30490
29522
30264
27747
30555
30574
29142
26760
27361
28977
27704
28724
27809
29067
27057
28426
30062
28818
30554
30036
29006
28289
28878
30728
28777
27662
28951
30922
29922
30991
29089
30949
27285
30228
27992
29182
28623
28854
28958
30393
31900
29561
28908
28223
28692
30913
32190
30233
29127
30958
28127
28869
30136
32549
30422
27503
31519
28156
29085
29022
28410
29012
31276
29233
30995
30958
28563
28934
29675
28786
30640
28132
28418
30186
31908
29664
29073
29658
29104
28586
34417
30114
31232
30039
31345
31464
30842
28119
29203
28330
29787
32430
28455
30171
28935
31193
28613
30983
29925
33026
30858
29401
32169
32133
29521
28067
28942
28648
29119
29762
29650
30111
32144
31050
35005
31878
29233
27229
32310
28267
30686
30320
29555
29907
30176
30031
30798
30468
32669
32256
28483
29928
31175
28904
30346
29132
30080
29785
29824
29056
30232
31995
30583
29805
29781
30820
33648
31891
29979
32190
29922
29077
35585
30158
35483
29682
31745
31314
33560
29856
32244
31540
33187
30687
31093
32253
30708
33255
30470
33460
31451
33543
29281
29032
32496
31270
31710
30023
32635
30628
31911
31034
31220
30714
33848
31293
31767
30884
30908
33165
32332
30243
30803
30302
33704
32950
32655
30199
33424
33225
33863
31796
32808
34055
34094
29948
31179
32064
30261
34032
32365
32325
30676
30074
32284
33304
34062
33839
35448
30741
32499
31678
32453
32363
30834
35100
31089
33553
31243
31081
32917
32655
33350
32237
32301
35773
34456
33851
33814
30828
30785
33263
30288
33312
32894
30458
34408
33103
31743
31669
30755
33423
33673
32204
32295
30846
32100
31666
33634
34256
30976
32721
33416
31629
33647
31521
31230
32285
31413
33990
33694
37525
33162
33993
34875
32564
35515
32321
31923
35198
32949
32861
33630
32768
35370
34470
31900
36417
34027
32235
34414
35715
36413
32810
31478
32274
34525
34652
31725
32077
32896
35222
33670
33596
32048
33157
31540
37274
32030
34312
33136
36228
32155
37414
35025
33353
32920
35731
31701
34402
36165
32882
34028
32648
34179
35550
33709
34299
34628
33718
32545
37306
33841
34370
32938
35760
34418
36672
32634
34990
34578
33257
33518
35756
35550
32494
35457
32029
34034
32533
36659
33864
33476
39591
33227
32647
32825
34336
32743
34102
35227
32923
34815
33435
35269
35926
36852
34797
34311
37182
33444
34225
34568
35727
33812
34863
33989
35326
35475
35329
33546
33787
32465
37793
39012
37936
33665
37639
33766
33800
33662
34889
33728
37503
34766
33154
37302
36734
34801
32930
35235
35111
34425
36012
35890
34808
34760
35683
36630
34516
34851
37628
34338
35497
36364
33654
36833
35040
32860
34628
34655
34294
36647
36507
34148
36086
35506
38595
34725
36214
34397
33780
35000
34903
36075
33436
35804
36091
35145
35549
35783
35392
35040
34927
39769
35887
38906
35354
32757
37945
38270
37103
34873
36308
37744
36449
36230
35327
37172
35883
34823
38593
36214
38532
34599
34801
37900
36601
34427
38226
35435
35776
36492
35492
37151
36570
34092
37452
36861
37265
36731
39714
34609
36100
37987
34742
36791
37518
40974
36841
37502
37268
37592
36809
36544
35387
34915
36485
36153
39496
38274
36522
36039
39959
37661
33822
38505
36848
37456
37734
36593
35673
41398
35785
40409
36649
37260
38594
39019
37008
35691
35554
34482
35303
36000
36132
39415
38755
35392
35660
36343
40165
42440
37133
39346
36965
37372
39941
37420
36100
39955
38051
34846
36834
36559
36083
38147
39675
37010
41813
37722
39194
37852
35835
37560
35158
34734
39206
34713
37498
36731
36443
37236
35412
38265
36760
39469
37414
36852
39639
39277
40754
35933
35346
38729
36241
36730
37173
37337
36997
36677
36777
36764
36483
36536
37483
41517
36647
38253
40179
40638
37768
35677
36429
39445
39201
39612
38474
38281
38727
34904
37452
35587
37107
40523
37355
36278
37284
37556
37899
38962
40129
38290
39998
39587
37655
40900
38160
38381
38158
35730
37882
36112
37555
39250
42384
41029
40973
39137
38863
38936
38782
37109
39713
35375
41246
39591
38470
40358
36543
37774
41992
37591
40129
40508
38103
37002
37652
39626
37061
42165
39619
41980
41148
38934
38731
40361
40770
38402
36325
43950
40367
38616
38555
41351
39105
37180
37015
37638
39367
39410
36056
42474
41599
43306
40322
38581
38093
37344
38371
39724
39390
38235
37747
37423
40421
40992
38921
40511
41623
42703
40479
40268
41602
38944
38210
38864
41641
41054
36241
42546
39671
38956
39577
41944
39937
42105
39481
42319
37845
38718
40354
41688
37264
40081
39982
41174
40682
40115
40194
41651
42069
42995
40038
38852
38575
38229
40355
37577
40946
42753
38730
42801
41581
41438
40647
41813
44319
40549
38861
40241
39278
40400
40919
44005
41760
39308
39555
42101
40223
39180
40348
38032
40273
41186
39576
41819
42574
43973
38386
40128
42592
41113
41707
38595
40111
40245
41732
41678
39546
41679
40417
46637
38368
39970
41600
38863
38919
40418
40386
39791
39623
40495
40453
42801
38975
45047
40475
41373
40089
44104
44017
41530
40920
40161
40863
45039
40739
43686
40152
40059
40293
42242
39708
39805
38715
39732
41513
39761
39970
44289
39948
39674
42831
42684
41764
41152
41993
40059
44042
40526
43196
41215
40108
39395
40980
44254
39643
39975
42640
39468
41476
44335
43282
43589
44076
40605
41247
43638
44607
41134
41087
41507
41100
44925
41079
42456
41165
45252
42977
41766
42241
40322
39716
42885
42944
44631
40548
41379
44974
41949
44404
42260
46030
40567
41334
44300
43679
40614
41053
42552
40549
44130
48163
44502
41395
41484
41308
42025
40915
39828
39975
42719
42737
42485
42854
40125
42190
44573
41227
42578
47083
41782
41396
47374
43184
44159
42114
43142
39883
45196
43790
42496
42227
43757
44815
42534
42659
41378
43783
44254
43252
41412
42109
44333
42352
42644
42326
42748
44407
47399
43128
41820
44500
42406
49643
44754
43393
43616
44993
44258
43017
48436
41611
43382
44378
43458
40838
43720
41825
44109
42921
44357
42049
42171
48503
43291
42497
47023
43823
42102
43679
45960
41413
43027
45082
44418
45589
45434
43140
47689
42032
43549
45098
41772
41836
43542
43451
43290
43206
46229
42573
43622
46238
43974
44978
45521
41162
44924
43611
45141
45732
42365
47342
46313
46622
43883
45210
45376
46079
44430
44795
45419
43620
47293
42441
43341
43937
45734
45520
45443
41788
44296
48551
47100
43549
45520
44289
43800
44837
45639
43099
42809
41169
47896
44328
42778
51439
43848
44323
45154
47350
44297
45832
47115
41754
43488
47915
45118
43511
47022
48408
44614
41851
44301
46395
44112
44660
46238
47893
47154
43298
45734
44481
43514
49866
44902
45296
42984
45835
45241
45205
46328
46492
43469
45888
45398
45886
44385
45919
44786
47517
46474
44409
46433
47798
46493
49310
45459
44270
44039
46406
44332
44690
44383
45682
45548
42833
47298
45371
42541
45965
48587
45128
44501
46762
44839
44923
47486
47307
45851
48219
45581
47234
46364
46643
46258
46509
45297
48380
43732
45352
45724
49280
46757
47710
43812
47568
45064
45662
46705
46483
43640
44828
45106
45183
46874
51284
46915
46812
42760
45568
45207
46295
49230
48446
46123
46370
44245
51739
44194
46946
46817
47662
45969
43144
47989
47010
44114
48182
44954
50460
47386
45332
47400
47883
47566
47998
46490
51444
45564
48613
47412
46729
44784
46247
49693
49537
45495
50615
46202
47100
46694
45683
49396
45952
48455
45813
47863
48081
52756
45573
47728
49001
44905
44623
45267
49486
46844
48943
46589
48728
50728
46949
51669
50644
47723
49406
49751
48313
46623
47510
46216
46445
49747
49567
45826
48226
47339
46458
47088
48336
49660
47897
49644
46456
49224
47557
45719
48746
48072
49227
48810
46061
49102
49132
46727
47306
49533
44800
50226
46705
49338
48773
46012
53956
50235
47765
46739
48176
46862
48361
48618
46432
47462
47083
49988
53882
54759
49899
47207
48209
48982
52711
50581
46108
48291
49655
49028
47511
54928
49197
48233
47648
48929
47826
47499
48329
45754
53606
49517
49269
50899
48558
51023
48366
49254
47852
49265
50084
48559
48044
49011
49931
51766
46759
48728
46321
49759
49711
49440
51353
49958
47576
47302
52012
51576
52518
51485
53954
49250
53213
49738
52889
45977
49041
47573
49409
52503
48292
48258
55132
48286
48053
51669
48800
45230
49293
46074
52750
48937
48345
48673
57377
47847
47699
49900
52458
50785
50951
48602
50584
52974
57923
50250
51330
47446
49983
51332
50555
48451
52366
52618
51305
50591
53750
53039
50182
50449
51324
48552
48708
48305
53856
50906
47547
47825
52271
51946
48844
48869
58320
48600
51673
49640
49404
51484
51122
51806
49765
53408
51788
50345
50389
48937
51109
52781
53263
53520
50583
50159
47440
50988
54973
55224
52878
57338
49923
48003
55656
47899
51762
51015
52631
50709
51932
55669
49777
52378
50750
48161
48645
51848
50541
49926
49858
50375
49365
52534
53062
50001
54187
49328
48244
53643
56806
51262
49351
50214
52303
52037
48186
50246
50096
50123
55894
51442
53914
55705
54176
50328
49226
51262
50116
47599
51005
48680
53002
51132
50362
51377
50297
51302
51807
56942
49333
53361
51150
51214
53117
51331
51440
50634
54795
51522
49262
49566
54324
51365
52135
54448
52064
52541
50965
50616
50884
52964
50600
51127
50087
50141
53118
54012
55514
51841
53640
55148
54988
50324
49991
52422
55664
55472
49338
55656
49993
50120
52882
54412
51276
55294
49340
50297
55107
51150
52733
56814
51573
55171
53306
55702
53923
52758
51962
51382
55387
52630
52151
50138
52044
49984
50985
56965
51015
49132
56520
54584
52241
50872
53109
52040
59499
54652
50944
53411
52367
53189
51499
53559
51374
53113
52656
53007
55350
52741
54136
53582
53425
51037
53655
52361
51547
52307
53757
51241
57698
55389
50857
51361
52013
57618
50979
52039
51726
51825
51601
53661
58216
50471
53165
54578
51980
54851
51294
52269
60619
51817
52916
52732
53082
53872
56546
55827
52013
54019
50858
56491
54439
52277
53984
51715
56064
54575
55142
51835
56395
52065
53812
52238
54881
53377
54407
55316
52468
54956
59594
55001
59603
52329
54346
58277
57953
52780
53693
50885
54331
51118
52843
59548
55053
64549
53067
54570
53770
56510
59930
53085
53922
56604
51994
51515
56655
52924
52278
55372
56064
54269
59406
55007
54141
53567
56378
54548
55433
55295
54530
51904
53639
55363
53618
59352
55771
60541
57252
52253
52263
59178
54970
52448
54773
55729
55937
52663
62547
52790
56006
57323
55004
52895
55002
55693
52896
55824
56777
52812
56263
55905
60646
58264
54614
54642
58651
57990
57770
53253
57276
54732
54729
55114
58193
56483
53938
52405
54169
52946
57203
53302
55248
56227
58186
60711
56057
55533
55909
58221
54192
55010
61341
54180
53579
57906
55938
54503
54942
55706
53294
54403
53566
57196
53873
53793
58182
54264
55132
58455
53425
57842
61032
53614
54869
60526
55072
63126
54092
58478
54032
56933
59192
55800
54591
56835
55457
54201
58088
55498
53612
53341
55139
55894
54387
56195
55639
56685
56897
54972
55005
60305
64735
58497
58268
59775
56315
61703
55476
57360
55472
57239
59047
56955
59476
57060
54865
58277
57167
62400
64045
57277
55766
54725
58421
60389
56330
54345
58931
56973
56772
55247
53056
59084
57036
57326
55812
57348
56869
56331
56920
58443
56055
56790
56642
54478
59278
55060
56720
54308
56247
56603
58143
59118
58486
58594
61198
53605
56711
57042
58542
69333
55405
56441
54476
59750
62943
59355
59400
57738
57057
55822
54554
59021
57223
56071
59455
60200
55983
58446
56174
57588
59314
63225
56002
56835
55572
57867
58696
57753
56034
57416
55251
61557
59566
57224
58093
60269
57448
64353
62741
61494
57600
54972
64150
57144
59214
61874
65073
56898
54417
59842
57375
58560
58403
58585
59537
60045
61633
55122
53742
58074
55905
58966
64239
63867
57585
58587
56260
59471
57462
57018
63411
60280
57878
58952
60320
61245
57021
56435
59587
57679
61737
60283
57253
59887
60025
57525
58695
57897
60513
63714
61819
56450
55768
